Nodes visited: 379

Path:
2 14 4 8 1 7 3 12 5 9 6 X 13 10 11 15 | depth: 0 <-- root
2 14 4 8 1 7 3 X 5 9 6 12 13 10 11 15 | depth: 1
2 14 4 X 1 7 3 8 5 9 6 12 13 10 11 15 | depth: 2
2 14 X 4 1 7 3 8 5 9 6 12 13 10 11 15 | depth: 3
2 14 3 4 1 7 X 8 5 9 6 12 13 10 11 15 | depth: 4
2 14 3 4 1 X 7 8 5 9 6 12 13 10 11 15 | depth: 5
2 X 3 4 1 14 7 8 5 9 6 12 13 10 11 15 | depth: 6
X 2 3 4 1 14 7 8 5 9 6 12 13 10 11 15 | depth: 7
1 2 3 4 X 14 7 8 5 9 6 12 13 10 11 15 | depth: 8
1 2 3 4 5 14 7 8 X 9 6 12 13 10 11 15 | depth: 9
1 2 3 4 5 14 7 8 9 X 6 12 13 10 11 15 | depth: 10
1 2 3 4 5 X 7 8 9 14 6 12 13 10 11 15 | depth: 11
1 2 3 4 5 7 X 8 9 14 6 12 13 10 11 15 | depth: 12
1 2 3 4 5 7 6 8 9 14 X 12 13 10 11 15 | depth: 13
1 2 3 4 5 7 6 8 9 14 11 12 13 10 X 15 | depth: 14
1 2 3 4 5 7 6 8 9 14 11 12 13 X 10 15 | depth: 15
1 2 3 4 5 7 6 8 9 X 11 12 13 14 10 15 | depth: 16
1 2 3 4 5 X 6 8 9 7 11 12 13 14 10 15 | depth: 17
1 2 3 4 5 6 X 8 9 7 11 12 13 14 10 15 | depth: 18
1 2 3 4 5 6 11 8 9 7 X 12 13 14 10 15 | depth: 19
1 2 3 4 5 6 11 8 9 X 7 12 13 14 10 15 | depth: 20
1 2 3 4 5 6 11 8 9 14 7 12 13 X 10 15 | depth: 21
1 2 3 4 5 6 11 8 9 14 7 12 13 10 X 15 | depth: 22
1 2 3 4 5 6 11 8 9 14 7 12 13 10 15 X | depth: 23
1 2 3 4 5 6 11 8 9 14 7 X 13 10 15 12 | depth: 24
1 2 3 4 5 6 11 8 9 14 X 7 13 10 15 12 | depth: 25
1 2 3 4 5 6 X 8 9 14 11 7 13 10 15 12 | depth: 26
1 2 3 4 5 6 8 X 9 14 11 7 13 10 15 12 | depth: 27
1 2 3 4 5 6 8 7 9 14 11 X 13 10 15 12 | depth: 28
1 2 3 4 5 6 8 7 9 14 11 12 13 10 15 X | depth: 29
1 2 3 4 5 6 8 7 9 14 11 12 13 10 X 15 | depth: 30
1 2 3 4 5 6 8 7 9 14 11 12 13 X 10 15 | depth: 31
1 2 3 4 5 6 8 7 9 X 11 12 13 14 10 15 | depth: 32
1 2 3 4 5 6 8 7 9 11 X 12 13 14 10 15 | depth: 33
1 2 3 4 5 6 8 7 9 11 10 12 13 14 X 15 | depth: 34
1 2 3 4 5 6 8 7 9 11 10 12 13 14 15 X | depth: 35
1 2 3 4 5 6 8 7 9 11 10 X 13 14 15 12 | depth: 36
1 2 3 4 5 6 8 X 9 11 10 7 13 14 15 12 | depth: 37
1 2 3 4 5 6 X 8 9 11 10 7 13 14 15 12 | depth: 38
1 2 3 4 5 X 6 8 9 11 10 7 13 14 15 12 | depth: 39
1 2 3 4 5 11 6 8 9 X 10 7 13 14 15 12 | depth: 40
1 2 3 4 5 11 6 8 9 10 X 7 13 14 15 12 | depth: 41
1 2 3 4 5 11 6 8 9 10 7 X 13 14 15 12 | depth: 42
1 2 3 4 5 11 6 8 9 10 7 12 13 14 15 X | depth: 43
1 2 3 4 5 11 6 8 9 10 7 12 13 14 X 15 | depth: 44
1 2 3 4 5 11 6 8 9 10 7 12 13 X 14 15 | depth: 45
1 2 3 4 5 11 6 8 9 X 7 12 13 10 14 15 | depth: 46
1 2 3 4 5 X 6 8 9 11 7 12 13 10 14 15 | depth: 47
1 2 3 4 5 6 X 8 9 11 7 12 13 10 14 15 | depth: 48
1 2 3 4 5 6 7 8 9 11 X 12 13 10 14 15 | depth: 49
1 2 3 4 5 6 7 8 9 X 11 12 13 10 14 15 | depth: 50
1 2 3 4 5 6 7 8 9 10 11 12 13 X 14 15 | depth: 51
1 2 3 4 5 6 7 8 9 10 11 12 13 14 X 15 | depth: 52
1 2 3 4 5 6 7 8 9 10 11 12 13 14 15 X | depth: 53 <-- leaf